UPK 40
bp-rp (bp-rp)0
1.368354 1.858676581
0.433696 0.924018581
1.082292 1.572614581
1.987962 2.478284581
0.541198 1.031520581
2.540558 3.030880581
1.330747 1.821069581
1.753867 2.244189581
2.050757 2.541079581
2.690384 3.180706581
1.182755 1.673077581
1.713987 2.204309581
1.465669 1.955991581
2.951894 3.442216581
3.024245 3.514567581
1.656037 2.146359581
2.851851 3.342173581
1.577353 2.067675581
2.361808 2.852130581
2.859626 3.349948581
2.773272 3.263594581
2.834158 3.324480581
1.50544 1.995762581
0.646914 1.137236581
1.123192 1.613514581
1.841727 2.332049581
1.404069 1.894391581
1.71811 2.208432581
2.192373 2.682695581
1.725825 2.216147581
0.900828 1.391150581
1.228969 1.719291581
1.246645 1.736967581
0.455056 0.945378581
2.199587 2.689909581


UPK 42
bp-rp (bp-rp)0
2.692921 3.467114548
2.71449 3.488683548
2.632448 3.406641548
2.684368 3.458561548
2.430439 3.204632548
0.646913 1.421106548
3.012132 3.786325548
2.018506 2.792699548
2.340409 3.114602548
1.828814 2.603007548
2.308139 3.082332548
1.544939 2.319132548
0.621981 1.396174548
2.1605 2.934693548
1.899776 2.673969548
1.893515 2.667708548
1.547027 2.321220548
1.160668 1.934861548
1.704257 2.478450548
1.316779 2.090972548
1.922761 2.696954548
2.409361 3.183554548
2.260368 3.034561548
2.420882 3.195075548
0.762835 1.537028548
1.270433 2.044626548
0.997642 1.771835548
1.184807 1.959000548
1.957889 2.732082548
1.589159 2.363352548
1.097657 1.871850548
1.608044 2.382237548
1.451329 2.225522548
1.954876 2.729069548
1.315405 2.089598548
1.836401 2.610594548
2.552416 3.326609548
1.249012 2.023205548
1.320089 2.094282548
1.259377 2.033570548
1.282914 2.057107548
0.735583 1.509776548
1.688957 2.463150548
1.343937 2.118130548
1.161737 1.935930548
1.649721 2.423914548
1.844902 2.619095548
2.645773 3.419966548
0.641452 1.415645548
1.035667 1.809860548
1.473267 2.247460548
1.38724 2.161433548
2.187576 2.961769548
1.552778 2.326971548
0.983812 1.758005548
1.09338 1.867573548
2.143067 2.917260548
2.510135 3.284328548
2.274039 3.048232548
1.848773 2.622966548
1.680075 2.454268548
1.580306 2.354499548
1.107126 1.881319548
1.498501 2.272694548
1.501893 2.276086548
1.949023 2.723216548
2.430004 3.204197548
1.736808 2.511001548
1.548577 2.322770548
1.382776 2.156969548
1.744907 2.519100548
1.810274 2.584467548
2.010104 2.784297548
1.612578 2.386771548
1.605559 2.379752548
1.171778 1.945971548
1.693849 2.468042548
1.968732 2.742925548
1.219984 1.994177548
1.455244 2.229437548
1.724305 2.498498548
1.589854 2.364047548
2.150515 2.924708548
1.478631 2.252824548
2.087928 2.862121548
2.183245 2.957438548
2.218929 2.993122548
1.923295 2.697488548
2.295181 3.069374548
1.738492 2.512685548
1.397199 2.171392548
2.810396 3.584589548
2.768697 3.542890548

UPK 54
bp-rp (bp-rp)0
0.366286 1.01144729
0.36445 1.00961129
0.3754 1.02056129
0.384035 1.02919629
0.430833 1.07599429
0.631774 1.27693529
0.621385 1.26654629
0.871495 1.51665629
0.670994 1.31615529
0.641057 1.28621829
0.751595 1.39675629
0.739963 1.38512429
0.685803 1.33096429
0.815889 1.46105029
0.793728 1.43888929
0.865275 1.51043629
0.869161 1.51432229
0.879712 1.52487329
0.915847 1.56100829
0.949311 1.59447229
0.998948 1.64410929
1.122007 1.76716829
0.990185 1.63534629
0.98301 1.62817129
1.062353 1.70751429
0.979386 1.62454729
0.977489 1.62265029
1.119016 1.76417729
1.043235 1.68839629
1.028978 1.67413929
1.076355 1.72151629
1.127792 1.77295329
1.047887 1.69304829
1.06875 1.71391129
1.175384 1.82054529
1.248206 1.89336729
1.208301 1.85346229
1.238928 1.88408929
1.274415 1.91957629
1.380982 2.02614329
1.306099 1.95126029
1.34557 1.99073129
1.338023 1.98318429
1.388829 2.03399029
1.461878 2.10703929
1.480385 2.12554629
1.488154 2.13331529
1.436981 2.08214229
1.441583 2.08674429
1.704516 2.34967729
1.553375 2.19853629
1.556887 2.20204829
1.504 2.14916129
1.578962 2.22412329
1.522944 2.16810529
1.606783 2.25194429
1.499068 2.14422929
1.599298 2.24445929
1.635668 2.28082929
1.622801 2.26796229
1.698076 2.34323729
1.677796 2.32295729
1.663301 2.30846229
1.696137 2.34129829
1.66815 2.31331129
1.751067 2.39622829
1.732885 2.37804629
1.761959 2.40712029
1.922046 2.56720729
1.705525 2.35068629
1.831444 2.47660529
1.790586 2.43574729
1.799225 2.44438629
1.856276 2.50143729
1.963556 2.60871729
1.707449 2.35261029
1.919731 2.56489229
1.970621 2.61578229
1.938208 2.58336929
1.987951 2.63311229
2.057211 2.70237229
2.123682 2.76884329
2.144198 2.78935929
2.241992 2.88715329
2.338213 2.98337429
2.67035 3.31551129
2.390936 3.03609729
2.625192 3.27035329
2.853215 3.49837629
2.210737 2.85589829
2.39856 3.04372129
2.628437 3.27359829
1.945589 2.59075029

UPK 93
bp-rp (bp-rp)0
0.415377 0.725054419
0.452611 0.762288419
0.220834 0.530511419
2.373884 2.683561419
2.150091 2.459768419
2.042834 2.352511419
0.433405 0.743082419
1.982127 2.291804419
0.722203 1.031880419
0.583811 0.893488419
2.386634 2.696311419
0.249734 0.559411419
1.198069 1.507746419
2.093696 2.403373419
0.372936 0.682613419
1.865124 2.174801419
0.794743 1.104420419
1.175754 1.485431419
0.823022 1.132699419
1.123314 1.432991419
1.724082 2.033759419
0.907932 1.217609419
2.238255 2.547932419
2.418594 2.728271419
0.830606 1.140283419
1.982782 2.292459419
0.948331 1.258008419
1.755191 2.064868419
0.197393 0.507070419
2.149473 2.459150419
1.810363 2.120040419
2.109716 2.419393419
1.263532 1.573209419
2.023216 2.332893419
0.534756 0.844433419
2.060152 2.369829419
2.012312 2.321989419
0.804713 1.114390419
1.022154 1.331831419
2.127371 2.437048419
1.276074 1.585751419

UPK 166
bp-rp (bp-rp)0
2.711481 2.905029387
0.952574 1.146122387
3.18992 3.383468387
2.789259 2.982807387
3.015074 3.208622387
2.77063 2.964178387
3.017059 3.210607387
2.74421 2.937758387
2.3489 2.542448387
0.39452 0.588068387
2.809101 3.002649387
1.694693 1.888241387
2.827786 3.021334387
2.662888 2.856436387
2.967528 3.161076387
2.274174 2.467722387
3.177026 3.370574387
2.912245 3.105793387
2.264277 2.457825387
3.187124 3.380672387
2.747032 2.940580387
0.382131 0.575679387
0.533741 0.727289387
2.374414 2.567962387
0.954627 1.148175387
2.46874 2.662288387
2.674459 2.868007387
2.402513 2.596061387
0.80458 0.998128387
3.029279 3.222827387
0.094789 0.288337387
2.557175 2.750723387
1.892261 2.085809387
1.438285 1.631833387
0.309582 0.503130387
2.852709 3.046257387
1.046022 1.239570387
2.521332 2.714880387
2.534589 2.728137387
2.765198 2.958746387
1.848544 2.042092387
0.238318 0.431866387
0.314059 0.507607387
0.508136 0.701684387
2.217189 2.410737387
2.616144 2.809692387
1.017958 1.211506387
0.545127 0.738675387
0.66727 0.860818387
2.49757 2.691118387
0.400386 0.593934387
0.992707 1.186255387
0.601386 0.794934387
2.958433 3.151981387
1.001586 1.195134387
0.406633 0.600181387
0.147688 0.341236387
2.378514 2.572062387
1.855211 2.048759387
1.538048 1.731596387
2.877911 3.071459387
2.862821 3.056369387
1.00228 1.195828387
0.926014 1.119562387
0.71029 0.903838387
2.470575 2.664123387
0.747976 0.941524387
1.064278 1.257826387
0.530102 0.723650387
0.150692 0.344240387
2.858874 3.052422387
0.921338 1.114886387
2.846539 3.040087387
1.529158 1.722706387
1.342883 1.536431387
-0.10238 0.091168387
1.852599 2.046147387
0.952189 1.145737387
1.43222 1.625768387
0.854918 1.048466387
0.740859 0.934407387
0.535516 0.729064387
1.030435 1.223983387
2.963869 3.157417387
1.138872 1.332420387
1.007345 1.200893387
0.948483 1.142031387
1.298645 1.492193387
0.831316 1.024864387
2.514544 2.708092387
0.855911 1.049459387
1.039741 1.233289387
0.876315 1.069863387
2.290446 2.483994387
1.401165 1.594713387
1.277271 1.470819387
1.094173 1.287721387
0.989649 1.183197387
3.03867 3.232218387
2.576777 2.770325387
2.04478 2.238328387
1.429462 1.623010387
2.675015 2.868563387
1.067303 1.260851387
2.863854 3.057402387
2.381992 2.575540387
2.544878 2.738426387
2.760208 2.953756387
2.596495 2.790043387
1.989235 2.182783387
0.669644 0.863192387
1.192171 1.385719387
1.118631 1.312179387
0.291829 0.485377387
2.467712 2.661260387
2.832835 3.026383387
2.870504 3.064052387
0.921883 1.115431387
2.851091 3.044639387
1.817909 2.011457387
2.620401 2.813949387
2.065866 2.259414387
2.083897 2.277445387
2.751434 2.944982387
0.58435 0.777898387
2.177324 2.370872387
2.51977 2.713318387
1.636463 1.830011387
2.853693 3.047241387
2.724418 2.917966387
2.851587 3.045135387
2.342129 2.535677387
1.696624 1.890172387
3.04676 3.240308387
0.674352 0.867900387
2.982835 3.176383387
0.986263 1.179811387
0.711889 0.905437387
2.842985 3.036533387
2.880665 3.074213387
2.926912 3.120460387
2.422389 2.615937387
0.192429 0.385977387
2.635262 2.828810387
3.013866 3.207414387
2.899238 3.092786387
2.682828 2.876376387
2.863306 3.056854387
2.794871 2.988419387
2.855428 3.048976387
2.596973 2.790521387
2.459214 2.652762387
2.20656 2.400108387
2.438436 2.631984387
2.931724 3.125272387
1.087705 1.281253387
2.675624 2.869172387
2.926423 3.119971387
3.017762 3.211310387
2.404304 2.597852387
2.518966 2.712514387
2.961611 3.155159387
2.887193 3.080741387
2.411911 2.605459387
2.301998 2.495546387
2.443552 2.637100387
2.742609 2.936157387
2.930433 3.123981387
2.729287 2.922835387
2.614533 2.808081387
2.799134 2.992682387
2.678755 2.872303387
2.838968 3.032516387
2.85537 3.048918387
UPK 394
bp-rp (bp-rp)0
2.266383 2.485737839
1.167796 1.387150839
1.369218 1.588572839
1.961664 2.181018839
1.068844 1.288198839
0.789256 1.008610839
1.051775 1.271129839
1.686914 1.906268839
1.173857 1.393211839
1.475429 1.694783839
0.663569 0.882923839
0.008058 0.227412839
0.77363 0.992984839
0.725686 0.945040839
0.306262 0.525616839
0.962777 1.182131839
0.717534 0.936888839
2.017093 2.236447839
0.833591 1.052945839
0.853959 1.073313839
1.354464 1.573818839
1.117735 1.337089839
2.082722 2.302076839
0.875008 1.094362839
0.207783 0.427137839
1.04286 1.262214839
0.428818 0.648172839
1.037239 1.256593839
1.109461 1.328815839
0.215242 0.434596839
0.231124 0.450478839
0.524314 0.743668839
1.232832 1.452186839
0.346109 0.565463839
1.658821 1.878175839
1.512582 1.731936839
0.5118 0.731154839
2.023667 2.243021839
0.505765 0.725119839
0.588969 0.808323839
1.034027 1.253381839
UPK 433
bp-rp (bp-rp)0
0.663939 0.792971258
1.217303 1.346335258
0.544397 0.673429258
0.546634 0.675666258
1.929756 2.058788258
0.136537 0.265569258
1.300179 1.429211258
0.539065 0.668097258
0.629343 0.758375258
1.53431 1.663342258
0.745206 0.874238258
0.937266 1.066298258
0.799004 0.928036258
0.722446 0.851478258
0.709 0.838032258
1.504193 1.633225258
1.00722 1.136252258
1.242885 1.371917258
1.720686 1.849718258
0.542819 0.671851258
2.285236 2.414268258
1.573488 1.702520258
1.958172 2.087204258
0.145158 0.274190258
0.462324 0.591356258
0.402277 0.531309258
0.875048 1.004080258
1.215323 1.344355258
0.631827 0.760859258
0.778256 0.907288258
0.097867 0.226899258
0.355745 0.484777258
1.135504 1.264536258
0.21041 0.339442258
0.128075 0.257107258
1.654798 1.783830258
0.196044 0.325076258
0.055234 0.184266258
0.078191 0.207223258
2.15085 2.279882258
0.591261 0.720293258
0.398471 0.527503258
0.181869 0.310901258
0.939618 1.068650258
0.973934 1.102966258
1.360714 1.489746258




